Solver: Cycle K-Regret
Instance: TSPB
Total Cost: 66505
Path Length: 22454
Total Runtime (ms): 479.354
Average Runtime (ms): 2.39677
Number of Runs: 200

Best Path:
108 80 190 46 45 5 7 36 79 91 141 97 77 58 82 21 171 177 123 25 158 118 74 2 182 11 49 160 56 8 111 50 81 119 153 146 187 163 103 127 137 75 93 48 166 52 179 22 94 148 23 20 59 149 140 183 174 95 86 110 128 124 62 18 34 170 53 184 155 84 3 15 145 13 132 169 188 6 150 147 71 90 115 10 133 17 122 135 131 121 19 173 31 117 198 24 1 27 42 196 
