Solver: Local Steepest Node
Instance: TSPB
Total Cost: 55751
Path Length: 30685
Total Runtime (ms): 6128.09
Average Runtime (ms): 30.6404
Number of Runs: 200

Best Path:
95 185 86 166 194 187 141 91 36 61 82 8 104 138 135 63 40 107 122 121 25 182 11 139 168 195 145 15 189 109 0 29 13 188 6 147 73 136 80 190 193 164 31 54 117 198 156 1 16 27 38 131 90 191 51 118 134 169 132 70 3 155 152 170 34 111 77 78 175 142 5 177 21 56 144 33 160 35 55 94 47 148 20 140 183 18 62 124 176 113 103 114 127 165 89 163 153 81 143 106 
