Solver: Local Steepest Edge
Instance: TSPB
Total Cost: 45637
Path Length: 19566
Total Runtime (ms): 5113.83
Average Runtime (ms): 25.5692
Number of Runs: 200

Best Path:
152 34 55 18 83 62 124 106 159 143 35 109 0 29 160 144 111 82 21 8 104 56 33 138 11 139 168 195 126 13 145 15 3 70 132 169 188 6 147 10 133 107 40 63 135 122 90 191 51 98 118 121 131 1 24 156 198 117 193 31 54 164 73 136 190 80 45 175 78 5 177 36 61 141 77 81 153 163 103 89 165 127 137 114 113 176 194 166 86 95 130 185 179 94 47 148 60 20 140 183 
