Solver: Local Steepest Heuristic Edge
Instance: TSPB
Total Cost: 45867
Path Length: 19796
Total Runtime (ms): 1202.94
Average Runtime (ms): 6.0147
Number of Runs: 200

Best Path:
20 60 148 47 94 66 179 22 99 130 95 185 86 166 194 176 113 26 103 114 137 127 89 163 187 153 81 77 141 91 61 36 78 175 142 45 5 177 21 82 111 8 104 138 182 25 74 118 51 90 121 73 54 31 193 117 1 38 63 135 122 133 10 178 147 6 188 169 132 13 70 3 15 145 195 168 139 11 33 160 29 0 109 35 143 106 124 128 62 18 55 34 170 152 183 140 4 149 28 59 
