Solver: Local Steepest Heuristic Edge
Instance: TSPA
Total Cost: 70510
Path Length: 22376
Total Runtime (ms): 846.879
Average Runtime (ms): 4.23439
Number of Runs: 200

Best Path:
93 117 0 143 183 89 186 23 137 176 80 79 63 94 124 152 97 1 101 2 82 129 92 57 55 52 49 102 148 9 62 144 14 3 178 106 185 40 165 90 81 196 179 145 78 31 56 113 175 171 16 25 44 120 75 86 26 100 121 53 180 154 135 70 127 123 162 133 151 51 118 59 65 116 43 184 112 4 190 10 177 54 48 160 34 146 22 18 108 69 159 181 42 5 41 193 139 115 46 68 
