Solver: Local Steepest Node
Instance: TSPA
Total Cost: 80915
Path Length: 32221
Total Runtime (ms): 6473.48
Average Runtime (ms): 32.3674
Number of Runs: 200

Best Path:
65 116 59 118 151 133 86 75 120 44 16 171 175 113 31 78 145 196 81 90 165 119 40 185 106 178 3 14 144 102 167 124 94 180 154 135 70 127 123 121 152 57 55 52 49 62 186 23 137 51 112 177 54 184 43 176 148 9 15 114 89 183 143 93 108 69 18 22 146 159 193 139 68 117 0 46 115 41 181 34 48 160 42 5 80 79 63 100 26 97 129 92 2 1 101 53 162 149 131 47 
