Solver: Local Greedy Edge
Instance: TSPB
Total Cost: 46135
Path Length: 20934
Total Runtime (ms): 13867.9
Average Runtime (ms): 69.3395
Number of Runs: 200

Best Path:
60 20 28 140 183 152 34 55 18 62 124 106 143 35 109 0 29 160 144 111 8 82 87 21 104 33 11 138 25 121 182 139 168 145 15 3 70 13 132 169 188 6 147 51 90 122 107 40 100 63 135 1 24 156 198 117 193 31 54 164 73 173 136 190 80 45 175 78 5 177 36 61 91 141 77 81 153 187 163 103 89 127 137 114 113 180 176 194 166 86 95 130 99 185 179 172 66 94 47 148 
