Solver: Local Greedy Node
Instance: TSPA
Total Cost: 80907
Path Length: 31924
Total Runtime (ms): 14482.9
Average Runtime (ms): 72.4146
Number of Runs: 200

Best Path:
0 153 183 89 186 23 137 143 117 108 18 15 144 14 81 196 145 179 52 49 102 62 9 148 176 51 72 151 79 63 152 97 86 135 70 127 112 84 35 123 162 133 180 154 53 94 124 167 178 106 185 40 90 165 55 57 129 92 78 16 171 175 113 31 25 44 120 2 75 101 1 26 100 121 80 118 59 116 43 42 160 34 54 184 131 149 65 115 68 93 140 139 159 22 146 181 193 41 198 46 
