Solver: Local Greedy Edge
Instance: TSPA
Total Cost: 71393
Path Length: 22824
Total Runtime (ms): 15852.8
Average Runtime (ms): 79.2638
Number of Runs: 200

Best Path:
160 34 48 54 177 10 4 112 84 184 43 116 65 149 123 127 70 135 154 180 53 86 101 75 120 44 25 78 16 171 175 113 31 145 196 81 90 165 119 40 185 3 178 106 52 55 57 92 129 2 152 1 97 26 100 121 63 79 122 94 148 102 49 14 144 62 9 15 186 89 183 23 137 176 80 133 162 151 51 118 59 115 139 68 46 0 170 143 117 93 140 108 69 18 22 146 159 193 41 42 
