Solver: Local Greedy Node
Instance: TSPB
Total Cost: 55464
Path Length: 30306
Total Runtime (ms): 12930.2
Average Runtime (ms): 64.6508
Number of Runs: 200

Best Path:
106 124 128 95 130 185 99 22 179 66 94 47 148 60 20 28 70 3 15 145 111 81 153 137 114 113 180 176 194 166 86 160 33 138 90 122 135 63 38 1 131 121 25 104 56 144 29 0 35 109 155 152 140 199 183 34 55 18 83 62 141 91 61 36 78 175 142 5 147 6 188 169 132 195 168 11 139 134 51 198 117 193 31 54 73 190 80 177 21 8 77 97 187 165 127 89 103 163 159 143 
