Solver: Local Steepest Edge
Instance: TSPA
Total Cost: 71337
Path Length: 23871
Total Runtime (ms): 5171.08
Average Runtime (ms): 25.8554
Number of Runs: 200

Best Path:
25 129 92 57 55 52 178 106 179 145 78 16 171 175 113 31 196 81 40 185 165 39 90 27 164 21 144 14 49 102 62 9 15 148 124 94 63 122 79 133 162 151 51 80 176 137 23 186 89 183 143 0 117 93 108 18 139 68 46 115 118 59 149 131 65 116 43 42 181 41 193 159 22 146 34 160 54 177 10 190 184 35 84 4 112 123 127 135 154 180 53 86 75 101 1 97 152 2 120 44 
