Solver: Nearest Neighbour Cycle
Instance: TSPA
Total Cost: 71488
Path Length: 23578
Total Runtime (ms): 238.404
Average Runtime (ms): 1.19202
Number of Runs: 200

Best Path:
143 183 89 186 23 137 176 80 79 63 94 124 152 97 1 101 2 120 129 55 49 102 148 9 62 144 14 178 106 165 90 81 196 40 119 185 52 57 92 179 145 78 31 56 113 175 171 16 25 44 75 86 26 100 53 154 180 135 70 127 123 162 133 151 51 118 59 65 116 43 184 35 84 112 4 190 10 177 30 54 48 160 34 146 22 18 108 69 159 181 42 5 115 41 193 139 68 46 0 117 
