Solver: Nearest Neighbour Cycle
Instance: TSPB
Total Cost: 48765
Path Length: 20008
Total Runtime (ms): 236.154
Average Runtime (ms): 1.18077
Number of Runs: 200

Best Path:
190 193 198 117 54 31 164 73 136 45 5 177 25 104 138 182 139 168 195 145 15 3 70 161 13 132 169 188 6 147 134 43 11 49 33 160 29 109 35 0 111 144 56 8 82 87 21 77 81 153 163 180 176 86 95 128 106 124 62 18 55 34 170 152 183 140 4 149 28 20 60 148 47 94 66 22 130 99 185 179 166 194 113 114 137 103 89 127 165 187 97 141 91 61 36 142 78 175 162 80 
