Solver: Random Search (All Starting Points)
Instance: TSPB
Total Cost: 188360
Path Length: 138877
Total Runtime (ms): 3.331
Average Runtime (ms): 0.016655
Number of Runs: 200

Best Path:
22 180 29 189 153 194 124 56 141 97 74 94 86 142 114 18 176 133 67 100 173 155 134 57 152 51 73 186 163 127 44 68 192 19 181 129 5 31 49 41 84 42 132 161 162 87 92 36 45 171 10 151 135 96 76 75 183 149 2 99 185 169 59 53 23 98 197 111 54 191 168 112 66 12 126 14 0 156 144 3 40 6 188 150 62 21 60 83 4 81 167 55 147 64 175 131 105 120 148 88 
