Solver: Random Search (All Starting Points)
Instance: TSPA
Total Cost: 233351
Path Length: 133042
Total Runtime (ms): 2.58429
Average Runtime (ms): 0.0129215
Number of Runs: 200

Best Path:
7 67 73 1 109 59 180 174 100 72 45 110 64 132 81 92 189 156 152 151 123 122 88 44 82 167 168 164 106 175 24 114 129 53 76 191 154 41 49 38 74 157 28 68 118 20 12 77 66 22 79 27 23 199 116 173 192 9 69 30 5 160 61 83 119 8 57 0 121 102 196 149 186 56 187 3 13 63 130 184 43 179 113 32 111 148 178 165 70 94 90 71 58 145 50 97 33 17 131 60 
